              0
        0.06279
        0.12533
        0.18738
        0.24869
        0.30902
        0.36812
        0.42578
        0.48175
        0.53583
        0.58778
        0.63742
        0.68455
        0.72897
        0.77051
        0.80902
        0.84433
        0.87631
        0.90483
        0.92978
        0.95106
        0.96858
        0.98229
        0.99211
        0.99803
              1
        0.99803
        0.99211
        0.98229
        0.96858
        0.95106
        0.92978
        0.90483
        0.87631
        0.84433
        0.80902
        0.77051
        0.72897
        0.68455
        0.63743
        0.58779
        0.53583
        0.48176
        0.42578
        0.36813
        0.30902
        0.24869
        0.18738
        0.12534
       0.062793
     2.6536e-06
      -0.062788
       -0.12533
       -0.18738
       -0.24869
       -0.30901
       -0.36812
       -0.42578
       -0.48175
       -0.53582
       -0.58778
       -0.63742
       -0.68454
       -0.72897
       -0.77051
       -0.80901
       -0.84433
        -0.8763
       -0.90483
       -0.92978
       -0.95106
       -0.96858
       -0.98229
       -0.99211
       -0.99803
             -1
       -0.99803
       -0.99212
       -0.98229
       -0.96858
       -0.95106
       -0.92978
       -0.90483
       -0.87631
       -0.84433
       -0.80902
       -0.77052
       -0.72897
       -0.68455
       -0.63743
       -0.58779
       -0.53583
       -0.48176
       -0.42578
       -0.36813
       -0.30902
       -0.24869
       -0.18739
       -0.12534
      -0.062796
