         0
-2.4802e-05
-7.9365e-05
-0.00013393
-0.00015873
-0.00012401
         0
0.00024306
0.00063492
 0.0012054
 0.0019841
  0.003001
 0.0042857
 0.0058681
 0.0077778
  0.010045
  0.012698
  0.015769
  0.019286
  0.023279
  0.027778
  0.032813
  0.038413
  0.044608
  0.051429
  0.058904
  0.067063
  0.075938
  0.085556
  0.095947
   0.10714
   0.11917
   0.13206
   0.14585
   0.16056
   0.17622
   0.19286
   0.21051
   0.22921
   0.24897
   0.26984
   0.29184
     0.315
   0.33935
   0.36492
   0.39174
   0.41984
   0.44925
      0.48
   0.51212
   0.54563
   0.58058
   0.61698
   0.65488
   0.69429
   0.73524
   0.77778
   0.82192
    0.8677
   0.91514
   0.96429
    1.0152
    1.0678
    1.1222
    1.1784
    1.2365
    1.2964
    1.3583
    1.4221
    1.4878
    1.5556
    1.6253
    1.6971
     1.771
    1.8471
    1.9252
    2.0056
    2.0881
    2.1729
    2.2599
    2.3492
    2.4408
    2.5348
    2.6312
      2.73
    2.8312
    2.9349
    3.0411
    3.1498
    3.2611
     3.375
    3.4915
    3.6106
    3.7325
     3.857
    3.9843
    4.1143
    4.2471
    4.3828
    4.5213
    4.6627
     4.807
    4.9543
    5.1045
    5.2578
    5.4141
    5.5734
    5.7359
    5.9014
    6.0702
    6.2421
    6.4172
    6.5956
    6.7772
    6.9621
    7.1504
    7.3421
    7.5371
    7.7356
    7.9375
    8.1429
    8.3518
    8.5642
    8.7802
    8.9998
    9.2231
      9.45
    9.6806
    9.9149
    10.153
    10.395
    10.641
     10.89
    11.143
    11.401
    11.662
    11.927
    12.196
    12.469
    12.746
    13.028
    13.313
    13.603
    13.896
    14.194
    14.496
    14.803
    15.113
    15.428
    15.748
    16.071
      16.4
    16.732
    17.069
    17.411
    17.757
    18.107
    18.462
    18.822
    19.186
    19.556
    19.929
    20.308
    20.691
    21.079
    21.472
     21.87
    22.272
     22.68
    23.092
     23.51
    23.932
     24.36
    24.792
     25.23
    25.673
    26.121
    26.574
    27.032
    27.496
    27.964
    28.438
    28.918
    29.403
    29.893
    30.388
    30.889
    31.396
    31.908
    32.425
    32.948
    33.477
    34.011
    34.551
    35.097
    35.648
    36.206
    36.768
    37.337
    37.912
    38.492
